252.5 293.5 316.4 321.6 329.2 344.5 0.8 3.8 234.9
255.1 286.7 322.2 330.2 329.2 335.7 11.3 2.7 348.2
257.5 296.5 325.9 336.6 339.5 12.9 49.2 33.4 59.3
248.0 281.8 315.7 328.1 333.1 339.9 330.7 302.0 281.3
263.6 295.6 320.2 333.4 346.9 351.1 39.6 44.4 104.2
239.1 299.0 326.4 333.1 349.1 357.8 17.9 46.8 70.5
253.8 268.3 323.2 329.9 336.5 331.7 334.3 322.4 270.4
259.6 334.1 324.9 333.7 334.6 348.8 20.8 359.4 52.2
241.9 280.3 323.0 338.1 345.3 347.0 190.1 2.4 203.6
245.9 273.0 327.8 334.7 343.2 347.4 345.5 328.5 317.0
243.6 304.9 335.6 333.7 337.0 343.5 333.7 344.1 283.3
246.4 281.9 322.3 329.1 339.9 345.4 298.9 312.6 283.3
255.5 285.1 321.0 328.0 344.5 354.9 354.1 1.0 38.1
252.1 268.5 319.9 329.9 338.3 345.4 357.9 16.9 154.0
241.9 292.7 321.2 330.1 343.1 341.6 14.3 17.6 30.8
253.1 295.2 327.5 335.8 339.5 6.3 37.7 38.9 62.3
258.8 306.9 329.2 332.4 332.8 350.0 10.1 22.1 49.0
260.0 296.7 326.8 334.4 342.8 351.3 42.3 358.3 151.8
244.7 296.1 323.2 322.2 318.0 322.3 321.9 304.1 271.3
260.6 289.6 319.1 318.5 334.5 0.7 34.5 9.0 259.1
262.0 289.9 337.4 333.2 335.4 334.1 333.5 359.1 57.5
248.9 308.6 330.6 335.9 342.0 331.6 343.6 12.7 166.4
252.6 259.1 315.3 337.0 340.7 334.3 328.8 335.0 22.0
260.0 269.6 337.1 338.9 340.4 349.8 13.1 35.3 109.0
245.2 293.2 321.8 326.5 327.6 345.8 16.2 357.3 356.8
249.9 295.6 324.0 329.3 333.0 336.9 341.8 353.2 19.7
251.1 293.3 330.7 343.2 329.0 318.0 351.1 4.8 267.3
250.1 309.6 328.6 333.0 337.0 335.4 342.1 319.9 216.8
258.1 278.6 309.7 325.9 345.4 351.2 338.5 309.6 2.4
261.6 290.6 336.3 335.7 337.6 338.6 308.6 313.9 225.4
254.2 317.3 327.1 333.0 346.3 350.1 0.6 25.8 75.1
