400 525 675 775 775 800 775 775 475
425 550 775 750 750 775 750 750 750
400 275 300 750 775 725 775 775 700
400 275 700 775 800 800 800 800 775
500 325 750 775 775 775 775 750 425
375 225 475 575 750 700 775 450 475
425 200 625 775 750 775 800 775 775
475 400 675 750 750 800 775 775 600
350 450 450 775 750 750 425 550 650
425 250 725 775 750 750 800 750 750
400 625 375 700 800 750 750 775 750
375 525 725 375 750 775 775 775 775
350 425 425 775 775 775 800 775 750
475 200 875 775 775 775 750 775 400
400 400 700 800 750 750 775 775 700
450 275 725 600 575 725 725 750 750
475 200 425 750 775 750 775 725 650
450 475 800 825 775 775 750 475 375
375 200 625 825 775 775 775 750 750
425 425 550 775 775 775 750 775 550
400 675 350 800 750 825 775 775 750
350 250 400 775 775 725 775 775 350
475 275 375 475 800 700 775 775 800
450 250 200 875 775 750 750 750 675
375 200 775 775 775 775 775 775 750
400 650 700 775 775 750 775 775 750
400 375 400 575 775 750 775 750 725
425 275 375 200 200 675 750 675 400
425 475 800 775 775 775 775 750 775
475 550 375 525 800 750 750 725 575
475 200 500 750 775 800 775 750 475
