400 275 700 750 750 775 775 750 725
425 575 750 750 775 750 800 825 450
400 375 450 725 700 775 775 725 825
400 500 550 800 800 775 775 750 675
500 425 775 750 750 800 475 800 750
375 375 775 550 775 750 800 775 425
425 225 500 575 750 800 775 775 800
475 300 800 775 825 775 800 800 750
350 625 775 750 650 775 475 450 300
425 225 400 825 775 725 750 725 400
400 350 600 775 775 775 775 800 775
375 450 800 750 775 775 825 775 725
350 250 725 750 750 750 775 750 200
475 275 700 800 775 750 775 800 550
400 425 750 550 775 775 775 800 425
450 675 350 650 700 775 800 750 775
475 275 550 575 800 775 775 800 425
450 200 550 700 800 775 750 600 450
375 425 575 750 775 775 750 775 775
425 225 750 725 775 775 775 775 450
400 200 375 800 800 800 750 750 475
350 400 775 850 775 775 775 800 350
475 375 525 775 750 775 800 750 725
450 350 650 800 800 775 800 475 500
375 525 825 775 775 775 800 775 350
400 250 600 825 775 750 800 775 425
400 300 525 575 700 750 775 525 650
425 250 600 650 725 750 750 475 350
425 250 500 750 775 750 775 775 500
475 200 550 725 750 725 775 425 375
475 200 450 825 775 700 750 475 300
