252.5 284.1 318.3 325.7 354.9 11.8 47.0 40.3 41.7
255.1 285.8 322.9 327.5 354.9 1.8 46.4 63.6 83.3
257.5 288.1 331.1 339.7 1.0 31.5 62.4 48.4 51.8
248.0 276.6 320.2 331.6 357.6 1.5 25.0 44.8 130.9
263.6 296.7 327.6 340.8 351.6 47.8 66.4 50.7 36.8
239.0 288.6 326.4 333.0 2.8 17.8 47.5 46.1 51.1
253.8 284.2 326.9 333.6 348.7 353.6 31.6 72.4 69.1
259.6 291.5 334.3 344.5 5.2 41.1 56.5 48.1 39.1
241.9 292.1 324.4 342.6 357.4 23.4 84.4 173.5 191.4
249.4 295.7 336.6 340.6 345.0 343.1 355.2 1.0 191.6
243.5 282.0 334.6 333.9 330.8 357.1 59.7 45.3 178.4
246.3 278.9 325.4 340.5 4.5 39.2 53.5 41.8 168.6
255.5 286.1 326.8 338.5 348.3 22.2 51.3 41.5 110.6
252.1 279.0 332.0 335.6 343.8 16.2 55.8 49.0 71.7
241.9 286.8 322.4 334.5 347.4 10.0 60.4 57.9 50.3
253.0 293.3 305.9 338.5 359.4 38.4 52.2 54.7 56.0
258.8 287.6 333.9 336.8 344.9 9.6 58.1 52.7 68.7
260.0 290.6 330.0 339.0 354.3 11.9 54.6 44.4 77.1
244.7 276.0 325.6 327.4 334.4 337.4 319.9 293.1 228.8
260.6 289.3 315.4 336.3 348.9 17.5 65.1 70.0 99.4
262.0 296.3 335.8 346.5 340.3 345.0 25.3 44.4 168.6
248.9 295.9 335.2 337.6 355.8 9.3 24.4 33.9 70.1
252.6 272.5 335.1 339.8 339.6 339.9 31.7 27.8 70.6
260.0 287.7 330.6 344.4 0.1 30.7 57.0 90.5 121.1
245.2 283.1 322.8 327.4 334.9 353.4 66.0 59.6 137.9
249.9 289.1 329.7 333.3 341.3 4.3 48.8 34.5 331.4
251.1 299.7 342.7 339.1 349.5 0.3 30.5 75.2 97.6
250.1 284.7 334.1 341.7 339.7 14.5 56.4 39.0 178.0
258.1 283.1 311.3 338.9 344.5 10.1 41.8 45.8 98.9
261.6 291.0 331.2 334.7 352.7 20.0 26.5 235.3 181.0
254.2 294.0 334.6 335.5 348.7 8.5 39.5 41.9 84.3
